0.12102758908227718, 0.9474373730337468, 0.384022685558027, 0.23658817962042622, 0
0.8840414313318423, 0.8534463058531631, 0.84287586456152, 0.01245039398435166, 1
0.38513998092064206, 0.17911083530174277, 0.3513675625073145, 0.3069625916914911, 0
0.20495044625569914, 0.5244222692817597, 0.9669012616925998, 0.4552488259802042, 0
0.08842114890471597, 0.6332429317131423, 0.5109846371672025, 0.510962956378091, 0
0.127738941355245, 0.3882592010905197, 0.8017211084088918, 0.5817176549544594, 0
0.1865609102998027, 0.17711927395422622, 0.5239448779935189, 0.9322976998213517, 0
0.0539565766216783, 0.06790429126718289, 0.3416507130880855, 0.27530195431772453, 0
0.8299909822669086, 0.9640735686961881, 0.026471766803911723, 0.2516038968927341, 1
0.5283680855666668, 0.587102169620477, 0.9148385286328984, 0.1062191504152371, 1
0.6311546576926735, 0.7221488725844133, 0.9858008962062312, 0.5382939401986298, 1
0.6512181515109304, 0.5578372752128244, 0.7071455431009553, 0.07708498421123844, 1
0.8773491537963819, 0.6617529700132759, 0.9542743208015614, 0.2585067601119173, 1
0.5468141695294647, 0.4944724246857626, 0.21690269709092602, 0.0157900022091505, 0
0.39775307580453023, 0.5418622974739715, 0.638002654858189, 0.8073448228101638, 0
0.33127208399361674, 0.9022444709854348, 0.17048151018592517, 0.23600980171270491, 0
0.9766248734576419, 0.5652359685967293, 0.3277213139593814, 0.3914668312683348, 1
0.18727053888975298, 0.2567568150659889, 0.8329917432385433, 0.3114004623885275, 0
0.506286826212792, 0.996364844950885, 0.14843728735118888, 0.19480693698823537, 1
0.6520299287744565, 0.16309445096875774, 0.8801126979030837, 0.06357533753460909, 0
0.8723380627118552, 0.9277650151693987, 0.028444587258370513, 0.5998272407794445, 1
0.9616036380842601, 0.3718647640057443, 0.28444295932580566, 0.509810597342193, 0
0.9627570866111259, 0.7083312304593676, 0.9740435785701728, 0.5820585624309834, 1
0.3207126634893509, 0.676045269303826, 0.36855109828894195, 0.5409005518336512, 0
0.6746219377975241, 0.26920626104192913, 0.39890175978023257, 0.3702887459281812, 0
0.517550281139883, 0.92054232531002, 0.8166408656460652, 0.5631907267238309, 1
0.6031964530948173, 0.9319399157739788, 0.6001191749751692, 0.13527039235002247, 1
0.6644354653289452, 0.16595106192763687, 0.5738165760790607, 0.569274098068104, 0
0.6462027410525046, 0.9926573084825496, 0.6337435362890735, 0.310823462261434, 1
0.9053578211083414, 0.7988213235948001, 0.9877116435927293, 0.9673973510895519, 1
0.6805102506935095, 0.9491050967874954, 0.5498024629585136, 0.3900166205273512, 1
0.6291422250971891, 0.3248534072342153, 0.6702105708793524, 0.3644184793923667, 0
0.8656273868822296, 0.5165080266852483, 0.17783858115323026, 0.9866388704048208, 1
0.026467011769120696, 0.36926800563827633, 0.6980451651186961, 0.8725853771002668, 0
0.9904322734289542, 0.04021644916574474, 0.610377754224695, 0.4951011674344291, 0
0.9057868588800557, 0.638545179526349, 0.8236723870326245, 0.5483646462879543, 1
0.9514702667277913, 0.9839238165736318, 0.6087133755990763, 0.9596167850890872, 1
0.44364811120292647, 0.540807055872362, 0.6112771332781611, 0.9990259162929802, 0
0.07267684365231153, 0.20481826588525343, 0.4819556273900196, 0.9599277752958173, 0
0.03450174445775622, 0.9935387202632736, 0.11150623652090808, 0.39100481410328336, 0
0.9869713613236232, 0.5224177112041613, 0.7751000599503656, 0.058171081572908734, 1
0.7776290530481729, 0.4705038846641505, 0.13420953660830948, 0.16215173446245856, 0
0.3917206822873811, 0.40132982173494236, 0.35173110858573375, 0.8896534925856291, 0
0.09977200867519798, 0.24874383009485568, 0.005596339508566861, 0.23166015327732759, 0
0.771616488152532, 0.051404720392373315, 0.44702513687455414, 0.910455734774034, 0
0.26564955303750604, 0.9084435344784424, 0.9443782651985626, 0.5908322876985911, 0
0.9658977218785235, 0.2101771985392562, 0.03407135141196449, 0.08263456913638267, 0
0.12013457038145514, 0.2980223748945774, 0.5561234094023608, 0.48800871261384127, 0
0.7077218309019656, 0.7537948233917647, 0.2643314424209088, 0.9064426539261257, 1
0.737406805783821, 0.7205130274066356, 0.5752425739932544, 0.5199043876939126, 1
0.16723927093711555, 0.08202386934156636, 0.253491465053033, 0.9233000742435782, 1
0.40594670770541275, 0.472362943618976, 0.7231183001260213, 0.8320003743138109, 0
0.18946197604868875, 0.970840405912996, 0.9878802732627755, 0.33204085995426325, 0
0.25342570213786664, 0.1471061134305709, 0.8359104452591557, 0.39336600430286617, 0
0.5669736175903365, 0.8461738414154008, 0.9160728668544659, 0.5392887834652649, 1
0.8744758680061627, 0.4849851273027196, 0.7263508577100618, 0.01832944810445325, 0
0.21080747152117918, 0.030559295347633686, 0.8544382248198384, 0.5736033663571015, 0
0.4840826976858248, 0.7618174647643536, 0.6305742164664286, 0.5133753907710447, 0
0.26555815809856587, 0.4605263123704705, 0.5608768865818285, 0.10883697785541735, 0
0.7959677377159049, 0.59741633103655, 0.11976796367327336, 0.7824767486669412, 1
0.6752630655375774, 0.9245901696991224, 0.11781340014496777, 0.14949761021298835, 1
0.004739725104687786, 0.008790990061194992, 0.6320744331465283, 0.09834399111145631, 0
0.3791229421261866, 0.7318801717261607, 0.13020997757610553, 0.18586669678630885, 0
0.053095694108106994, 0.2159478439337894, 0.7002380704407234, 0.4590566556497738, 0
0.9522857648074695, 0.470163634362775, 0.10875292468839515, 0.26003847122795976, 0
0.96994695313088, 0.9403581528395968, 0.3794595245507256, 0.795206538440692, 1
0.8244857803767255, 0.6201870040276203, 0.21844871939211408, 0.7063401880066615, 1
0.5804160793605672, 0.010403029213406079, 0.5705151061082931, 0.8005564971886583, 0
0.6994428089481418, 0.1495240615582354, 0.19214101993328514, 0.9905223168010946, 0
0.6146668601649551, 0.41365547572198824, 0.4439027160459257, 0.5617665295800817, 0
0.7293753087455168, 0.8432565643178191, 0.00043065734426506186, 0.1284891278210767, 1
0.1903051498927426, 0.39016019758247733, 0.35335256935551207, 0.9693700617038257, 0
0.7064258464228003, 0.406018990404138, 0.1549782078364984, 0.6642141952263031, 0
0.7808537126099547, 0.24882364313294447, 0.8443673490723171, 0.22238495518838897, 0
0.5358211496706866, 0.3544101505988855, 0.3412989304005153, 0.3214518154356326, 0
0.3117083734159557, 0.5808863760508584, 0.5543087083141779, 0.7380563113103673, 0
0.24048103637991636, 0.5437078459732743, 0.6594001460102319, 0.7374772586061887, 0
0.9350920916683865, 0.6479502916689672, 0.9104796805677199, 0.37062568187657463, 1
0.6695464673826181, 0.5683344436107735, 0.5388157203376033, 0.07512588219307192, 1
0.6868077270847491, 0.6617010502187627, 0.8922685207227223, 0.23623343533721608, 1
0.8635602060115799, 0.36267063112583586, 0.1783687372039522, 0.06593044958859418, 0
0.9228730595291362, 0.6575670480567358, 0.8530024770742353, 0.260943630108857, 1
0.35269086480626977, 0.17803801746453285, 0.17008177335011643, 0.7498293732176268, 0
0.38565310372173023, 0.6607117829403455, 0.8332702629041682, 0.9943365197841854, 0
0.36543481471681605, 0.6883040641570524, 0.03512419536981437, 0.2032539956374504, 0
0.18936913521026622, 0.5142757251535502, 0.39409512261203006, 0.9715846564547224, 0
0.4355027638426925, 0.14445888343156454, 0.8981063189709542, 0.07837730673795396, 0
0.9943206297747945, 0.12805239492964327, 0.000367245075414635, 0.13014860364483483, 0
0.31615790952282374, 0.283462450979051, 0.8514965938166488, 0.25710982124951487, 0
0.2158494843570128, 0.24798283672952548, 0.2171235724761531, 0.9997466595140942, 0
0.8291746137219278, 0.49642761973402805, 0.40779705973617875, 0.5442799735557055, 0
0.47536272198212215, 0.0053325622373240344, 0.39704842264456786, 0.22133941663620682, 0
0.9699500096503338, 0.1730516374457325, 0.08152060140626505, 0.16464150991614124, 0
0.7279430009160649, 0.8526513509738451, 0.2867733558454231, 0.318420362050839, 1
0.13777225005847937, 0.5119187393179566, 0.7445407358234284, 0.9990499868227501, 0
0.9129520721644636, 0.9498979006803168, 0.865008179849539, 0.6077378763164951, 1
0.813429213418685, 0.5483158787209214, 0.37053661394809956, 0.15067080634036234, 1
0.6419353211800191, 0.636838766959885, 0.6365445632577843, 0.27809410714826355, 1
0.7860076363465752, 0.9817275779279303, 0.9923626693565915, 0.5724891708000588, 1
0.44218140558095664, 0.7712758404509894, 0.5725586486025573, 0.44488298103895585, 0
0.625470447413896, 0.6311041169316566, 0.4431594153091365, 0.07698315472136474, 1
0.23530441349279485, 0.7960722926637337, 0.4357775395004212, 0.42358084093625603, 0
0.5718903739913875, 0.9035551227638097, 0.4870657907868524, 0.5177503338934479, 1
0.5585846181383701, 0.2761897800183415, 0.04546466134915339, 0.4208142446559837, 0
0.26694504987160883, 0.9914311547186084, 0.6015246241569241, 0.5194146701660192, 0
0.14308468913141947, 0.9717436242836991, 0.13466547323049038, 0.21873516090984502, 0
0.5023354109287497, 0.4752911059202829, 0.643945669364934, 0.07021759768191971, 0
0.2305132639027515, 0.4958809395651441, 0.7112928534047316, 0.8898468855520035, 0
0.9226110739724577, 0.7033409399317491, 0.6029221933526278, 0.5023014508008914, 1
0.49695354397595815, 0.11828563713783069, 0.5685810480770122, 0.22858054962949192, 0
0.7343551491457678, 0.6525674889601081, 0.587746255041794, 0.37196984074542294, 1
0.11868105949009067, 0.30503608515430236, 0.7733793154639822, 0.7554980913900098, 0
0.8377437923763884, 0.5555920417997298, 0.30039150626261424, 0.6860996155847884, 1
0.9477545648766899, 0.6905597305320641, 0.5990107949668492, 0.2429718148320542, 1
0.11728949979840719, 0.5135227546968224, 0.54143674579719, 0.6768108143753763, 0
0.5542875243161772, 0.340486036009342, 0.377767981814351, 0.9107223332335055, 0
0.7744218658638694, 0.6242274303371766, 0.2932253595725992, 0.1516327349770964, 1
0.8583755094889224, 0.6875040209338911, 0.39898487516220327, 0.16142183249649122, 1
0.5573151537543516, 0.19957239258579385, 0.9290717435424799, 0.3607207548052862, 0
0.8195096521470522, 0.6078076538550885, 0.595460676540162, 0.9728587121841829, 1
0.5189482038534041, 0.9967764476273425, 0.04218478750354071, 0.6884341412085129, 1
0.8799484101071451, 0.2157115968049087, 0.6128917299504659, 0.5926307138092893, 0
0.17550035127270813, 0.5798616239627883, 0.6110507745797723, 0.09272835398702972, 0
0.07616418767156818, 0.07054321708488642, 0.9401913794557338, 0.790445086193126, 1
0.22108674609355217, 0.48216434750273707, 0.6355907221577384, 0.12988655676315297, 0
0.7666784467514894, 0.7047523996800901, 0.6595322476526736, 0.40928573116704003, 1
0.31884278633148166, 0.1121939870710228, 0.26060348716111004, 0.8520843667211951, 0
0.8700023480391064, 0.2865228419786401, 0.039094304460289164, 0.19183052215141605, 0
0.562176862284968, 0.9649791296850565, 0.5058949379759766, 0.14295879828896063, 1
0.4937760497191611, 0.3676037792571081, 0.6586461476890405, 0.02287500929227748, 0
0.49407619721965224, 0.238409221616383, 0.7688736930838214, 0.4427288268078108, 0
0.8961628066447366, 0.03410950960970205, 0.684340377792662, 0.34962605066650765, 0
0.9946329216502753, 0.23597379052439948, 0.8942083472893629, 0.3020847902118855, 0
0.42852820831773164, 0.016272252472318338, 0.257984082870126, 0.7789798540689248, 0
0.8056595760048813, 0.5087706149890858, 0.04192330694561852, 0.2580940368445226, 1
0.5417490171335924, 0.6496433536334474, 0.5165186150037329, 0.16315017790501285, 1
0.2585375156383365, 0.04426437407042816, 0.09997506934880518, 0.7696376214321744, 0
0.5999007142381982, 0.20063001012627668, 0.23245246102719053, 0.4052560258932357, 0
0.4070647534777252, 0.893197814895115, 0.41845937832555147, 0.02237958418433006, 0
0.43591165842129953, 0.6331245170551233, 0.5216931214094588, 0.948341234460294, 0
0.8130089692061921, 0.6330167883697759, 0.7676958139656908, 0.457740987956354, 1
0.9389742018702224, 0.13831560382097208, 0.56817719534698, 0.5161619688546146, 0
0.7439732234289517, 0.21434282675300642, 0.24158436511237968, 0.37192628156494845, 0
0.08492309570778422, 0.8853146122704838, 0.010509684152317678, 0.1937465304360667, 0
0.38136248368627024, 0.8824696115772828, 0.14718377938479332, 0.5820447103751506, 0
0.13364546638205033, 0.8702182473510056, 0.10924666064213395, 0.6136321798668206, 0
0.823371946872675, 0.7717416157808588, 0.9499664205443655, 0.3379389724182942, 1
0.3176105409363791, 0.3087635831865304, 0.761552376175801, 0.6816009681138605, 0
0.015678196760676943, 0.8706992089081824, 0.15725962976299834, 0.8984209547657311, 0
0.5857351306396642, 0.6271701913957557, 0.3584799611699435, 0.8945823774582286, 1
0.0495550812562876, 0.6626001416021283, 0.4396274488241835, 0.9775925443430853, 0
0.770545251106353, 0.8698867055861654, 0.8712352170967801, 0.48249140628488474, 1
0.9424254596738763, 0.34843665791932354, 0.4949390500442433, 0.44913595378893056, 0
0.8814810933095153, 0.8117940416942433, 0.5095008911235338, 0.09974469332830849, 1
0.8508221030385247, 0.811052846257043, 0.6750173738132765, 0.15120092134422014, 1
0.8424767347116027, 0.9049467691492104, 0.5044654797687567, 0.35162688199248926, 1
0.6949929449578606, 0.675554450748982, 0.5663447987731144, 0.4599701945347501, 1
0.8740434793572648, 0.8322862408708558, 0.8904296937626431, 0.8648334819979053, 1
0.48032420914025586, 0.5862113545148875, 0.5510011565963159, 0.9642418118701133, 0
0.3675178431125986, 0.1739155274509837, 0.6454823662074086, 0.1305833570654531, 0
0.9173187449174913, 0.6623401212196265, 0.5994457287096661, 0.13732938949028217, 1
0.8099106154800791, 0.03702219490542291, 0.6216318328896935, 0.6012243876362974, 0
0.3902009233187459, 0.9777276031654474, 0.5279417291514674, 0.09535872943200485, 0
0.5145538620251582, 0.4772022045697367, 0.07515078009073006, 0.5377619051245024, 0
0.7422915259974756, 0.3299871132399268, 0.0871451981709781, 0.9640339355656565, 0
0.5950729523561009, 0.1337364051608393, 0.7097519972214301, 0.10556512523879102, 0
0.7371210979178553, 0.8832262703635552, 0.7151801764886391, 0.7422735257651908, 1
0.5202012179545766, 0.5544867345066063, 0.24980993131453588, 0.9836600482879269, 1
0.43652945369211593, 0.2564634717567089, 0.7686169103422665, 0.5736980477026183, 0
0.028249111112852665, 0.7889855033166938, 0.20597686928590309, 0.7895525347361814, 0
0.6199887689209386, 0.3034438374256485, 0.896176582844102, 0.45017615456860205, 0
0.47553340964251045, 0.27587644124599, 0.44260851483052643, 0.5211347264936032, 0
0.34905709163713394, 0.4826098241433868, 0.3676524211135215, 0.9772782615387494, 0
0.7442880660762189, 0.09554983185217769, 0.8600305954141063, 0.6363830299887172, 1
0.14355107947690549, 0.20484431720972596, 0.7059357397242211, 0.8164772337064492, 0
0.27637671826842225, 0.5700903104842504, 0.6412441304062005, 0.37441208623677136, 0
0.22916244891042747, 0.10479950351414313, 0.8570908161978277, 0.07347152813729252, 0
0.8220493518327686, 0.07900624018908764, 0.6898353664215972, 0.6989913486622575, 1
0.9975334570206518, 0.4779225238796231, 0.4510901416226889, 0.05628283470362605, 0
0.9448904719650023, 0.5755476221095032, 0.2601361379250977, 0.7416806393240271, 1
0.362707815260248, 0.8699406309381374, 0.027091312984714122, 0.41584306272245286, 0
0.7788125218472126, 0.4078174777231037, 0.3980173399816037, 0.08862164286581631, 0
0.25477903633923316, 0.16773852942159106, 0.69009560053527, 0.6048510653389589, 0
0.8205744429854995, 0.1903725327595842, 0.4142174351282808, 0.5730514918928503, 0
0.22137729147177432, 0.538829580483381, 0.6982068824520901, 0.7458677557528448, 0
0.5490895931050603, 0.26247921536162766, 0.7908214651861594, 0.3059141905007712, 0
0.5558512902168916, 0.8189874029520452, 0.8718302154311276, 0.38995441040753087, 1
0.03224644403445465, 0.48908888955161445, 0.328023639445837, 0.21903609733656615, 0
0.969569325614918, 0.8143428839395255, 0.042451266860012216, 0.77571423588605, 1
0.21563809859528593, 0.8753331047780261, 0.83255965283487, 0.2595594799231481, 0
0.1566141789408414, 0.6151684147645212, 0.2876767107865955, 0.516045549894709, 0
0.8479229092271782, 0.31456299220655815, 0.9455972770293632, 0.3644420471647801, 0
0.8362847829402903, 0.9018423610868467, 0.20767414720017285, 0.23731809856460429, 1
0.5270470352443182, 0.8460386464950658, 0.610369203602145, 0.13679532263294714, 1
0.41108707400614664, 0.09756904679445022, 0.6906211586764721, 0.12991257404448076, 1
0.8677697746901332, 0.1346599029396014, 0.14373066812576896, 0.4273289171589866, 0
0.42491300834068957, 0.9940612542124798, 0.8616928415167562, 0.013695671619822547, 0
0.9117486600504802, 0.1036792164386956, 0.4456360044016132, 0.6291716926475956, 0
0.05918691154030031, 0.6124513170234741, 0.6302357661027355, 0.6926105657658783, 0
0.19880804192910917, 0.6596631337445057, 0.9341993510041029, 0.3048091568217405, 0
0.6252039777400727, 0.5375353444071037, 0.31051559548380603, 0.8209301261908424, 1
0.4161239545777867, 0.1681822805317097, 0.15402420281314377, 0.4001397523606516, 0
0.37192817425749714, 0.757554337635624, 0.25985330224311476, 0.03171137417583836, 0
0.32061662226976606, 0.0562299514815775, 0.2398795954478009, 0.8415618704993555, 0
0.5139922078921787, 0.42195017104259025, 0.751270433615406, 0.34883124932415455, 0
0.7386018122672787, 0.38216665245265824, 0.7843456404516499, 0.23669830592599694, 0
0.021663514836589126, 0.6607222540671432, 0.033423686366614636, 0.7885716931621701, 0
0.5408909340187993, 0.24772562841110868, 0.5776098648498103, 0.07069638062198214, 0
0.6656778513164608, 0.06136369623772919, 0.37687933322493905, 0.5585555172688842, 0
0.2931724980406629, 0.6251829809743534, 0.26421724655776135, 0.20266753698780315, 0
0.8060075920921758, 0.06284168218817099, 0.15283086588538874, 0.6661919383223808, 0
0.6649415586082664, 0.19554146549565832, 0.5455118802311975, 0.05733728908508007, 0
0.9507019131350221, 0.01630865412442961, 0.12784226950489508, 0.547514301943541, 0
0.5447911872650124, 0.21498534573506167, 0.7347392158622602, 0.8806861493947015, 0
0.9177313615451933, 0.07790692537491961, 0.9466029228534788, 0.6475123022855005, 1
0.888987369445268, 0.5794089610201195, 0.7443286825096389, 0.6288699762424623, 1
0.324388257760189, 0.9638100343604534, 0.14448438165225685, 0.07765825386915826, 0
0.03867576792558236, 0.15630021607677058, 0.9989048504349365, 0.971368616235351, 0
0.13618860193294247, 0.3164662168478103, 0.07885470502026704, 0.4405226599451658, 0
0.7440722805125902, 0.44263654048152146, 0.11451523131699304, 0.2735762068554246, 0
0.30414972385113115, 0.19674782678235792, 0.43669554385914267, 0.668400302794226, 0
0.10091506692801, 0.2098839908613359, 0.2890001290658172, 0.19776850097829834, 0
0.14821204974047142, 0.7855911699602147, 0.5422724527650242, 0.2357101801214988, 0
0.19712219524971542, 0.8172074316296182, 0.7142104961953601, 0.7524125306431059, 0
0.12871809119384392, 0.00569669800164474, 0.7728159748227607, 0.20886416846437184, 0
0.7827821765798658, 0.0038225142300277737, 0.39538471268060316, 0.8888575958438789, 0
0.7012266740259557, 0.1356918989754471, 0.911612648767412, 0.5085478800283505, 0
0.9231901664500453, 0.16494327371206374, 0.5626827913418996, 0.2955554951510093, 0
0.7879693981737278, 0.09324161207642534, 0.7412510265703072, 0.7420382889352235, 1
0.16822425637340466, 0.740620309784689, 0.5777998708196521, 0.24043888656181323, 0
0.3455738617918246, 0.6556241444050488, 0.5554825745851439, 0.5043890972835728, 0
0.4021233077970504, 0.6582702936465695, 0.6862214362426264, 0.3066496078352964, 0
0.9834812259497967, 0.37539863772069537, 0.46226116755462154, 0.6805312064997544, 0
0.9991696126396085, 0.9018799288799453, 0.16880926432830512, 0.7450761301740285, 1
0.6555891913830778, 0.03061333983409098, 0.8274242766488519, 0.6273786233364688, 0
0.3231755609876735, 0.7307963175527631, 0.9792687657228099, 0.20376788493550113, 0
0.7605687013896668, 0.7042890302364958, 0.3770451807953552, 0.9520081111533669, 1
0.9977984521633783, 0.8964896571664598, 0.8413818782960732, 0.049630284065441566, 1
0.3287328634657847, 0.521847231056534, 0.7684773205068649, 0.5527091592169846, 0
0.47758303551916625, 0.20461588952410203, 0.4201140173918667, 0.5771085481966562, 0
0.4493936053809371, 0.6395601576104872, 0.20812430977113228, 0.03607041605218564, 0
0.15997669246794066, 0.3130229396307349, 0.7533381743641672, 0.6496720118184798, 0
0.7642089790030436, 0.02529829404480033, 0.8878741456932324, 0.6689337435541781, 0
0.04933194471185265, 0.5481959142123262, 0.5580172944398565, 0.40833891245907994, 0
0.13186651241873404, 0.06335036795283688, 0.9614327285282315, 0.5229466156387566, 0
0.0002061019059769187, 0.88799101930662, 0.3825084473212117, 0.700630852006901, 0
0.36743987493778074, 0.8019822166392514, 0.3938915452787496, 0.9195773142362517, 0
0.4390238531508849, 0.9380018287775723, 0.370472828901121, 0.8280146794730948, 0
0.3293629155012522, 0.3952745541639987, 0.6868902236355603, 0.1982449873780997, 0
0.672087544667321, 0.20215372011400534, 0.5987878050498724, 0.5301947495218116, 0
0.0011256852600979306, 0.04638407271279976, 0.3993908019362158, 0.004249780794502778, 0
0.8453192374805958, 0.3247742322223347, 0.06806965450730484, 0.8817182516908812, 0
0.2345167272677997, 0.3661965069244537, 0.9690600075465182, 0.8233385516541474, 0
0.7175885012265389, 0.9142725479261804, 0.25689433940366735, 0.8073385287395599, 1
0.48025428597538256, 0.4905873037113391, 0.21184870315556692, 0.2861095672938275, 0
0.0998411263058947, 0.8546329409273729, 0.5150087077372768, 0.6241730780614473, 0
0.16372397294987306, 0.5128784991883406, 0.4951698397532944, 0.7471073646025933, 0
0.8459584855824662, 0.7495513444006667, 0.4326242429111403, 0.8143492080438824, 1
0.2003929712100695, 0.1365114916788699, 0.4074722045561141, 0.15859172411104328, 0
0.02904016085747818, 0.591539385966936, 0.11437049523576592, 0.7466758334146887, 0
0.5683782880248053, 0.49176444139353426, 0.4008316358524302, 0.7371394157904813, 0
0.2805060520164364, 0.5351221635414692, 0.36617738092519503, 0.15666029289455485, 0
0.8441043862310507, 0.0956034148018835, 0.9416055421833442, 0.9834439132826892, 1
0.4499308633854592, 0.8617987015752545, 0.8309421347903501, 0.051477435276226835, 0
0.29589029768424724, 0.308107357908565, 0.28515627884380246, 0.6102304358817239, 0
0.20319683312772874, 0.5400461060760913, 0.21774413776569757, 0.9203117316943921, 0
0.4693785394666584, 0.3873143599915968, 0.267712308253947, 0.7038178070335642, 0
0.8015041820390587, 0.006259475644872059, 0.8826186646879339, 0.24509262420517253, 0
0.07197304854781994, 0.522429186123215, 0.2761182824005106, 0.5106754882558193, 0
0.2350755669755269, 0.09219587596667989, 0.6925263583898215, 0.044905785231461604, 1
0.4301185629837979, 0.7493743355057964, 0.2583084380795916, 0.03400333747685147, 0
0.22042342306945406, 0.7874619033814952, 0.5833938350996318, 0.0008266782532003747, 0
0.7025897000204604, 0.9902876359810429, 0.8781296261990847, 0.05942954895406238, 1
0.9192027234181998, 0.4965304476303225, 0.20939372682343882, 0.4589716794760863, 0
0.8791107667615738, 0.8153420956085741, 0.8357700682704614, 0.5401152993853278, 1
0.32395140963059954, 0.9880890706469672, 0.48930767315697665, 0.7336642575289961, 0
0.7460238030746889, 0.31137782271490233, 0.088192625480083, 0.335252447986388, 0
0.4443608845164373, 0.842123564959672, 0.8695598065460954, 0.9957212773180812, 0
0.011678428978010191, 0.6855114900598809, 0.9988985946594011, 0.9272957549726096, 0
0.28882063831420945, 0.48890580972434117, 0.2731470251604343, 0.9162939720166078, 0
0.35768476455133946, 0.7130316468818005, 0.6969569938229208, 0.2959162970240229, 0
0.5603104788398914, 0.26293541978016033, 0.32487086176085944, 0.4953567050400406, 0
0.8644525361625169, 0.3430993661413073, 0.17310730315898137, 0.5180833511383595, 0
0.5861877770928768, 0.977938266355914, 0.09809338579016569, 0.9272056634850278, 1
0.08049776379995566, 0.19942861052413763, 0.13692355950873347, 0.03184090828146047, 0
0.007174228096157864, 0.21543540033076147, 0.9945736257168389, 0.8850385602344383, 0
0.19610470226369747, 0.7637765992567269, 0.5585654748230479, 0.1268839776816434, 0
0.7301749282868304, 0.9304147160443682, 0.8693605485087187, 0.6068492830808007, 1
0.5069777358506692, 0.13533293142534708, 0.2558192960024921, 0.5259578886111635, 0
0.4819861620787661, 0.5944343821152698, 0.9989130885725599, 0.1855928115148756, 0
0.3075656694578981, 0.4289564437439951, 0.9450206115941961, 0.9811426902246041, 0
0.6727053057852095, 0.8101148567351285, 0.9571332517552977, 0.651336371090691, 1
0.8617402619869255, 0.2966623477026846, 0.8272971567617639, 0.9361914227281268, 0
0.18178046636670375, 0.22029973089028076, 0.28710224410357943, 0.19735804193371154, 0
0.5217959796033964, 0.835714075374924, 0.18438979479492368, 0.6686683772977507, 1
0.16787910838265296, 0.17160751492601167, 0.7581533093959345, 0.6042229323067405, 0
0.35312514171054876, 0.6836947042334776, 0.7435011187912267, 0.6404214398086511, 0
0.4464599393355644, 0.2597760857788437, 0.5688901105445828, 0.7543113161493779, 0
0.6399179655736605, 0.9401640263103926, 0.7596589522117029, 0.7726445967584679, 1
0.5320237091296874, 0.7377603935543396, 0.3782363458925203, 0.00934908336274598, 1
0.658339465428815, 0.21710925314333251, 0.5421787444185192, 0.3964040264335378, 0
0.5583408312428425, 0.727424785318794, 0.7762641448470328, 0.6310657776432037, 1
0.9704111400033905, 0.3716461916719146, 0.12109640708792013, 0.5177283174196783, 0
0.428934088123496, 0.7049694154891157, 0.9985298229786531, 0.47936752553711404, 0
0.8320981560929225, 0.8143080432855677, 0.6863589609908742, 0.9854809534252513, 1
0.9984794220186052, 0.79666647665117, 0.1140122589575252, 0.6021506565939073, 1
0.33478308818726876, 0.4711579814422189, 0.6117994793889905, 0.9076417362470593, 0
0.2869473669002577, 0.7384883513388022, 0.9838218704063013, 0.10736976880078752, 0
0.42812207896547316, 0.9452125786334792, 0.4508642804663857, 0.3277419195559602, 0
0.003470997570588219, 0.4773691125840698, 0.06908156518107289, 0.9056308144444929, 0
0.8634848538371711, 0.5730143681704822, 0.7312341204513951, 0.41100023672270236, 1
0.6788237256782208, 0.2801061640917185, 0.5715273456002479, 0.621827466099398, 0
0.5708566978485069, 0.6149548126239547, 0.2909295141815943, 0.22919592377994047, 1
0.41501710258771085, 0.2721440995902692, 0.0008616985730788285, 0.3137850973946019, 0
0.40165852037139316, 0.5873611883497487, 0.06233898510016034, 0.1904800451118761, 0
0.4910207095383492, 0.223371495781423, 0.46141130254430907, 0.3619000164292351, 0
0.11623852964984116, 0.05469810825445098, 0.699230031050015, 0.1290557911819945, 0
0.998565290242976, 0.39779138122313307, 0.39906270614080197, 0.0038820844344994443, 0
0.8501210061513247, 0.8980086005017124, 0.1515523763993497, 0.09954297209773033, 1
0.4933826426390078, 0.0496885006422676, 0.23306651144811996, 0.395798428681423, 0
0.7206233905858055, 0.737977464280903, 0.4910519010705766, 0.22353375971439216, 1
0.16936733206861498, 0.8069453454133563, 0.6407828783274859, 0.7067905657088802, 0
0.6244609572539543, 0.8927408424141472, 0.11685282344022752, 0.9850292386827685, 1
0.008871904762400407, 0.08919011349289474, 0.6985886326092856, 0.5020505160796793, 1
0.3706908721100668, 0.2315046011760442, 0.010326896775689653, 0.026471439633618976, 0
0.13894505699947401, 0.1128291115874388, 0.4103214693161189, 0.5662906252171088, 0
0.3231221194545555, 0.6409048036410314, 0.1439711230141817, 0.10401488196307695, 0
0.7211317927976861, 0.41810824413797754, 0.554078887055583, 0.6691694249148717, 0
0.24615026328431644, 0.8634776624693243, 0.22603375597060726, 0.9743730911393642, 0
0.39743657147039124, 0.1524445188129654, 0.608952491851704, 0.12540238218349842, 0
0.9466324884753256, 0.2312095669594163, 0.487332770717425, 0.6096384060615304, 0
0.5605561286591688, 0.6566457709684609, 0.6207449435624147, 0.8492279845483024, 1
0.44154107945124144, 0.6603071603607892, 0.28496937751007523, 0.0021193540013247913, 0
0.9774168470108018, 0.8543584435821826, 0.15258092708724658, 0.366354599345731, 1
0.9804376739914665, 0.845914257861879, 0.4482079272272459, 0.12447534534059246, 1
0.6088406781804134, 0.29671709458978557, 0.5246000016346735, 0.7701530936519161, 0
0.8644306625288578, 0.1796366586241981, 0.3158481527968269, 0.4750400449843962, 0
0.3256131973293843, 0.6696068960496506, 0.5712265173482501, 0.9306048548300301, 0
0.08621328343642265, 0.14930674507609432, 0.08830271993581074, 0.4341455015764991, 0
0.862182038688664, 0.310189616916575, 0.10095766387370553, 0.868487441488657, 0
0.07383282459487206, 0.15114645942261007, 0.6036385360902226, 0.2586976871586306, 0
0.2347474342891882, 0.6324046784485408, 0.9248675767697063, 0.5140467674300959, 0
0.25596333957026607, 0.1949121263562853, 0.8903413243808205, 0.8929989494150745, 0
0.7246652048781521, 0.6171670122735123, 0.6200633369674095, 0.2992394278509095, 1
0.7683238805463098, 0.664145016371042, 0.04284009293268487, 0.8944248094017817, 1
0.25485353317980397, 0.2683750916470359, 0.6249884678779509, 0.7308148096293375, 0
0.12732444652754416, 0.1388998648107217, 0.18074261445440065, 0.264828972162251, 0
0.27703116170051356, 0.9568360142492284, 0.8837795544761894, 0.5778771533019451, 0
0.7036771022096081, 0.8212848416770091, 0.24690505905657278, 0.7096587878837511, 1
0.05747462741907672, 0.9439271505580648, 0.52753667289909, 0.48045692429563214, 0
0.535647643622093, 0.6608582584501691, 0.45114863661165594, 0.7355680385789337, 1
0.0031394386112615358, 0.26752259105139986, 0.8194862528398216, 0.3023142982729822, 0
0.713531209099444, 0.18126824799919883, 0.5092086477737828, 0.4508388893460704, 0
0.6578741546416642, 0.29642771300167414, 0.13884485747262665, 0.395637584511607, 0
0.025989895321902323, 0.29150765074489104, 0.018280620775919187, 0.435947685421718, 0
0.13407611456643753, 0.4542670240294042, 0.7909612684980671, 0.49915334896522334, 0
0.45866823082679786, 0.39546785163364484, 0.7680934569259994, 0.6442676779115223, 0
0.8583399970702192, 0.013348121619704445, 0.1983203870851209, 0.21974758279897366, 0
0.8548705227391538, 0.3411814660558171, 0.6618664010334923, 0.6769162350258603, 0
0.1773785654147847, 0.5206625600805096, 0.2633145411873956, 0.24178941331874826, 0
0.39367908265509977, 0.8752235814303948, 0.9316273364463289, 0.4495558047387388, 0
0.09598818273567933, 0.5609712847427525, 0.02511362721199195, 0.2328417806110309, 0
0.6541302533554888, 0.5839325400827008, 0.12012973192098597, 0.02037670710677908, 1
0.4079343123679954, 0.8578710860417235, 0.13305402246477083, 0.8869770916914947, 0
0.14988709238293896, 0.9145587994756531, 0.8266665622207316, 0.4453987235751644, 0
0.061919502286241324, 0.03551052930887166, 0.6424186846734409, 0.49646425095502955, 0
0.7406758971092025, 0.4505032557095835, 0.7697073503395122, 0.8022293263053227, 0
0.8893746119454886, 0.38922413384784804, 0.9221888405216176, 0.5006136372747731, 0
0.3763503895126773, 0.7241916510049659, 0.10342841877461584, 0.5148910841689207, 0
0.31800978478430264, 0.6807712206863294, 0.8729098584749533, 0.8037983850488233, 0
0.4460109537275637, 0.07629902846925374, 0.9222111977712782, 0.6230203774394608, 1
0.7349069671408248, 0.24176382989588918, 0.27822493095489065, 0.014400585359950924, 0
0.5002019382109655, 0.90390039938225, 0.6381650193980261, 0.29027470454918847, 1
0.12346142959415563, 0.8899637565817274, 0.2083118383857182, 0.8621669863296979, 0
0.10554947765185818, 0.9691641887102346, 0.739671587093957, 0.1465731338803009, 0
0.2926351200569849, 0.40489226089594754, 0.6266605245018552, 0.9155845957117237, 0
0.6878437420714814, 0.9187475615591145, 0.6034718999904354, 0.07395205413710082, 1
0.21142679947467635, 0.7215618803653139, 0.915676491056479, 0.05731782758805415, 0
0.2633045564913645, 0.5651099044489828, 0.40337957751873077, 0.781036996663317, 0
0.10346567762933956, 0.18005045290717459, 0.7805403829239048, 0.9317390038650143, 0
0.3339223572292217, 0.020302170158777888, 0.23783146532415556, 0.14920977726249496, 0
0.23392193794019178, 0.1941753344461722, 0.38113971340856356, 0.45121795147393295, 0
0.7338158820795083, 0.3985680172392829, 0.15127356127489244, 0.4954058083081343, 0
0.260773592226189, 0.850261706216059, 0.881278586157331, 0.9405674778140389, 0
0.06028134154520326, 0.301429766793219, 0.8888966520699257, 0.48760029772357283, 0
0.15042045295522688, 0.800151950076297, 0.7407703174368243, 0.8437837913295352, 0
0.6278886646914991, 0.6772553131587241, 0.4931822776715242, 0.24945090283985838, 1
0.44918460395046256, 0.4551713499947819, 0.6304646558171125, 0.4479826774798076, 0
0.04936244654434285, 0.8302232641830027, 0.10986191588486638, 0.5213941643829738, 0
0.5176330514250054, 0.9733529840843628, 0.7907372639247072, 0.21084127672404085, 1
0.5812895652457643, 0.007943917159151992, 0.001218360488031589, 0.14762819591838494, 0
0.5074279777823563, 0.6931137492753489, 0.8711722951544841, 0.4399490258695784, 1
0.9151277142929422, 0.18670816556300274, 0.43778796802248987, 0.6160076657539396, 0
0.4864348654675146, 0.22221103047096913, 0.9399947937685929, 0.4899076305671348, 0
0.9811840243188512, 0.9096845326087319, 0.7455610807600388, 0.6220526835208453, 1
0.9183647255621529, 0.34695722051895694, 0.1498511788563327, 0.2891008868624779, 0
0.18306920801572812, 0.6167076544952426, 0.37481601234323814, 0.24387666372459593, 0
0.8491924988454076, 0.8334600663897999, 0.18597266703951443, 0.5021761842346527, 1
0.44056331158155027, 0.7455048105161917, 0.1319604944840882, 0.3125816059596215, 0
0.21605499324424604, 0.9404891863481087, 0.10732028024096973, 0.14076751976489665, 0
0.8898444430214484, 0.4505244220823922, 0.05264358893658949, 0.07055704875326863, 0
0.25008426166925946, 0.7251501477583587, 0.3050578481456745, 0.2737564548742045, 0
0.287709578977811, 0.33095688343016727, 0.6803237354173088, 0.8956231267173168, 0
0.3682558107436025, 0.1758499138068098, 0.36846885330349544, 0.7672565832756036, 0
0.9863140095593921, 0.28604594566748365, 0.2771133722690424, 0.3462015748609306, 0
0.4915362411957078, 0.08471510659764125, 0.28801720295204813, 0.9399749411086975, 1
0.07680450744512402, 0.9846021789926717, 0.4716224708336162, 0.20163559718243562, 0
0.39787949642355, 0.5582051002842449, 0.959014339012791, 0.28026576505711087, 0
0.09061970587038015, 0.863343824397224, 0.10303844275550555, 0.8171702578326728, 0
0.8229039635670254, 0.7761859712264981, 0.20823836617166613, 0.6594740859567281, 1
0.11403099261368332, 0.8162501603699895, 0.5463556024725245, 0.5689838112542058, 0
0.8599739950512227, 0.8484806879722819, 0.6924029800089979, 0.7499780961611178, 1
0.3538108896750596, 0.7325016843741584, 0.3442169881567836, 0.10239321169698268, 0
0.07196525676745857, 0.6178099063587039, 0.5752557648551114, 0.7399420966302906, 0
0.920993721943018, 0.9648350519837524, 0.5245455427475308, 0.5226685505228563, 1
0.13865933163187683, 0.9822976818125835, 0.9745059529620216, 0.9638109560806374, 0
0.4138073809758025, 0.09254315081869358, 0.731766166436954, 0.10971315171611962, 1
0.3257445062283941, 0.8577309877321548, 0.6604590221532765, 0.8190386344730177, 0
0.05321459815681917, 0.8642681369222639, 0.32558264272283255, 0.42898748577358625, 0
0.11446546242986022, 0.5214633433662185, 0.9726591189914617, 0.9342777758195664, 0
0.9566913413661412, 0.43773293819521386, 0.5790016762097855, 0.9837355777671173, 0
0.7832757747646316, 0.05675261288974687, 0.9307354145638321, 0.10746660537372454, 0
0.5697372097887369, 0.6828183146578025, 0.3431666912242861, 0.08747538591366011, 1
0.8013810996946455, 0.6074882719811703, 0.8337970123828872, 0.7735511945642017, 1
0.22885657481768684, 0.2545864141502454, 0.7775476070493614, 0.7165443641631389, 0
0.8273939190436677, 0.14681633848705233, 0.0860098411005844, 0.9393339547149674, 0
0.780005193396035, 0.4660389409870751, 0.4633311858689445, 0.5440806588393172, 0
0.967422464205727, 0.17229392844141433, 0.1723160070661265, 0.40009466303759045, 0
0.7269145417066968, 0.9715471122144543, 0.33552813459420106, 0.49815627529409345, 1
0.7508946180528621, 0.607328871780083, 0.46948542228517565, 0.6772859557407014, 1
0.49288222666910586, 0.02584388507948454, 0.1437972707934979, 0.799464362721974, 0
0.19229659271006738, 0.7970964441378023, 0.9990574308252468, 0.11423370410069056, 0
0.2120104145180879, 0.5321181722207388, 0.9047444693965281, 0.07343038341024388, 0
0.8650213721947252, 0.5815886077329452, 0.316688489508852, 0.02546499571167704, 1
0.16576886553442005, 0.10330599387490536, 0.7259074925875353, 0.1707250308827415, 0
0.42052564873995724, 0.3893394619777317, 0.14275348029208967, 0.12238184496515414, 0
0.554289350929285, 0.005567665413372502, 0.5615335714494426, 0.8372637902726531, 0
0.4830778098485877, 0.8644302049622739, 0.4620621603220342, 0.052473365158812846, 0
0.7414073718940078, 0.1580618904085226, 0.9280835627180126, 0.5874607843042566, 0
0.4021649586346149, 0.6660208087678342, 0.7624948377718982, 0.6677668062240603, 0
0.2672243011019786, 0.39179006346914447, 0.10348623794141887, 0.7020174107087238, 0
0.9527598942925307, 0.020824624026232863, 0.9995924656974079, 0.6346698169664744, 0
0.7411140501358515, 0.37462474117530853, 0.09417041968874906, 0.05941938543401981, 0
0.7165067141297093, 0.7226647840931041, 0.11122195732457929, 0.363876649495803, 1
0.4859251623036356, 0.030296511215605615, 0.43309216918216864, 0.06898973247763018, 0
0.5123741043928105, 0.16460925237610036, 0.6840227525541553, 0.8184351468547107, 0
0.25504873770176983, 0.2840741533422785, 0.687623639569949, 0.6569209694158542, 0
0.4455095151920113, 0.07363795259187533, 0.3711743077216786, 0.3651683589157728, 1
0.7909045218360978, 0.492427202804282, 0.8935407297790826, 0.09052545449954885, 0
0.6363645617476777, 0.8487668196729649, 0.6976691333081662, 0.4002634150951506, 1
0.006638760033040536, 0.31672323423844595, 0.9290430118491234, 0.1534135803569291, 0
0.28511702018552365, 0.8625649390750053, 0.3433986139966573, 0.8317485384357042, 0
0.38860383917800845, 0.9241728162091707, 0.5545477789509703, 0.24972268767790073, 0
0.6134259430803777, 0.6205821192412786, 0.39338421723630423, 0.08257210536891801, 1
0.25207844847492245, 0.22350970094465994, 0.33796562844603784, 0.5870213918525704, 0
0.11833862938449347, 0.5681887262045261, 0.36173147674179484, 0.033794715694671185, 0
0.9805141443737352, 0.5661498118535747, 0.9185460635321765, 0.9523773926075966, 1
0.193462272214438, 0.2798442714708326, 0.05410753482276287, 0.03623393351475035, 0
0.6740594154321229, 0.776392111019481, 0.9399280718625198, 0.6736679690073838, 1
0.15761829387401138, 0.014827686955772412, 0.39881584459242303, 0.22762801127634014, 0
0.19221490495259752, 0.5319080121716462, 0.32018028958074785, 0.5007833811029815, 0
0.8079982409007944, 0.5189851678205494, 0.5071392654830114, 0.6929359093462463, 1
0.11430864220053272, 0.8985277106602385, 0.6907344215710371, 0.8031322494957205, 0
0.10531517789007916, 0.1477729089408497, 0.7437309299935031, 0.7075542030990785, 0
0.08355953798885285, 0.587769693346856, 0.7733716648301394, 0.7127604296083242, 0
0.31048591592382546, 0.05541487035832893, 0.8035786275804803, 0.4077091356104231, 0
0.12770388708314373, 0.5125844845425844, 0.7863391093192176, 0.5174843374270348, 0
0.34351179895378736, 0.23722415491387816, 0.5468359605145845, 0.24675873090713674, 0
0.8131167041575206, 0.2913580792186201, 0.12316244515003527, 0.15123194096193993, 0
0.8092641680324556, 0.32730514076350703, 0.6024865126079948, 0.9379378239041025, 0
0.6652151606590112, 0.7565064803205, 0.6470803857137029, 0.4364695733910686, 1
0.6805039039894235, 0.044470774571871874, 0.3804348818188883, 0.6651674427376403, 0
0.5904958654339494, 0.48695982734047116, 0.529947642792458, 0.33650932480194284, 0
0.04783630656543125, 0.8673233560748015, 0.41741506830062125, 0.5990812287791146, 0
0.24513374526572973, 0.5328377447292594, 0.08364658184424845, 0.09115501664896575, 0
0.9433120299385964, 0.5674571746029722, 0.6626393949673625, 0.5521052954280156, 1
0.7849587691709128, 0.5778164415947745, 0.3233429946572648, 0.9642450948719382, 1
0.8446521745206049, 0.7287743424697993, 0.020444977206875548, 0.9037246547513598, 1
0.1179841729083414, 0.3153917854839876, 0.3728465983688034, 0.6788802986868203, 0
0.4392247940837384, 0.4851290742155093, 0.8951675690483029, 0.7384743267251759, 0
0.09041342319284862, 0.695095673499982, 0.15337603170745007, 0.16030865408983674, 0
0.5644606305971762, 0.18565898575119621, 0.6638984025357954, 0.496217982837569, 0
0.730798954190338, 0.2581553345392835, 0.3693192437696815, 0.133102793503736, 0
0.12838473619205026, 0.8309582617796216, 0.5708073898444896, 0.8147583217533203, 0
0.9386853643230398, 0.672440719538358, 0.876304626795978, 0.5834255196391589, 1
0.5858331073906592, 0.3232828759299555, 0.27944783732807166, 0.7008252415847452, 0
0.23456003904541955, 0.08542011258217541, 0.09371030270245095, 0.5410234249705596, 1
0.010757694208740731, 0.3756405268331219, 0.9712662081922476, 0.6107689896204045, 0
0.5801841148157179, 0.20348234916302177, 0.32812516824530247, 0.9161963140415761, 0
0.7469709937440645, 0.049183112733962475, 0.32577604368328306, 0.5897329364771843, 0
0.2633468725810707, 0.9100675819375016, 0.08013790117350528, 0.9623458755934194, 0
0.23911961105614132, 0.0783649797332513, 0.5501463083208231, 0.14966289001656774, 1
0.3664275241389314, 0.5274853724373082, 0.6005873454694447, 0.9121776735939029, 0
0.19864527830330847, 0.3890331458815751, 0.7683096413890236, 0.3386458627641753, 0
0.4011004459903864, 0.8552408822430363, 0.8616833759123679, 0.11150158980343039, 0
0.9944558567312883, 0.63294849465351, 0.4715672726018991, 0.82304049173618, 1
0.2060782893350951, 0.22415834563958126, 0.27457343645080423, 0.9893908663621739, 0
0.07420403658424857, 0.6105227693620745, 0.38278868412007117, 0.4014209361542541, 0
0.4075952722732753, 0.2307809846689317, 0.46494596975302394, 0.5184612219436903, 0
0.48799654788733193, 0.9015190276987953, 0.22158781974245523, 0.9474261079839421, 0
